# SELECT write_total_time_max,hints,mpihome,mpihost,obj_size,total_size_mb,test_type,strided,target,num_hosts FROM experiment WHERE  !isnull(write_total_time_max) && mpihost like 'rrz' && test_type=2 && isnull(error) && target rlike 'stat' && total_size_mb>20*1000 && total_size_mb<22*1024 && isnull(user_error) (1239381515)
# xpoint ypoint ydev
# N-1, strided, PanFS yaxis 1
2 2.35146085188517 0.0145411051592101
100 17.4591917947352 7.37254076590296
200 25.6300587402307 2.95862590852597
300 25.6165332089503 3.21791497401375
400 25.3048511978722 3.82961856256218
500 26.0847661341074 1.47738887778806
800 25.8020207722687 0


# N-1, strided, PanFS yaxis 2


# N-1, strided, PLFS yaxis 1
2 109.048711395952 0.499347165474063
4 108.251580438506 0
6 102.18542154187 0
8 101.831805999612 0
10 130.572468711547 0
12 154.733446160355 0
14 183.591964069602 0
16 207.406379662534 0
18 226.192803473347 0
20 246.928152961163 0
22 246.381984431854 0.07128683798868
24 269.267086424718 5.00789837453834
26 293.189450226558 4.51061983830328
28 322.425364140072 0.804854605538168
30 346.46771478737 1.48904865524364
32 376.577895855713 2.22475210236607
34 386.702221390585 5.18884301245836
36 417.18801247563 0
38 405.765335282655 19.5710802588185
40 437.944964895583 20.0854974067591
42 455.727144989434 12.8062914516994
44 453.410388656204 28.3730831997487
46 485.79530719281 16.2382046907927
48 498.140633521028 8.84837420327423
50 500.150608174264 9.66107423739581
52 506.827225283681 42.3512341836786
54 542.263585243781 19.5875878571997
56 543.189130127531 22.2061683688045
58 505.233471189295 0.107821233201179
60 521.617056361749 23.3481114659898
62 545.999185000587 21.720554854482
64 548.361085926405 1.07404463342061
66 545.026476651695 12.0682668341122
68 544.901738935495 9.68465555969397
70 553.418529321534 6.13829522524964
72 565.794001640258 27.9252826678113
74 593.696553498386 20.6385727506805
76 581.279882171823 40.7160111018937
78 597.272803351593 29.7193184858901
80 593.640671722418 8.63502991304011
82 592.498112385891 4.90122650820058
84 615.015817366723 1.48683031809594
86 596.979981095173 3.86097147580597
88 625.592871504024 7.27991240445533
90 613.006164677908 8.67551992122253
92 607.177224524658 11.6567071333663
94 624.472419429603 0
96 613.335769309101 0
98 662.401345581576 0
100 412.179065306952 0
102 682.231594938733 0
104 633.935011345309 0
106 605.08936829073 0
108 660.772254096509 0
110 653.910022226196 0
112 647.038378170006 0
114 641.511030068333 0
116 666.618917238303 0
118 623.537041322113 0
120 608.160804497679 0
122 603.869221378908 0
124 629.670745320414 0
126 635.182749807697 0
128 676.077496549766 0
130 623.304475939996 0
132 653.178527000734 0
134 643.394240286572 0
136 647.081316125444 0
138 666.522344913798 0
140 681.226295828066 0
142 667.80271281297 0
144 421.939884798088 0
146 708.135063354175 0
148 692.946956674742 0
150 689.925953874452 0
152 669.666045203284 0
154 698.81459080685 0
156 727.398043834312 0
158 665.610116870662 0
160 661.416356288905 0
162 709.172011581033 0
164 727.463960458662 0
166 651.191116001437 0
170 669.848789201285 0
172 698.224509071814 0
174 715.093555384019 0
176 701.39321748303 0
178 707.171156483263 0
180 695.531077303498 0
182 709.086816497559 0
184 693.88273721589 0
186 718.735520828946 0
188 696.11745868787 0
190 707.155242088684 0
192 695.852550224485 0
194 709.068245559364 0
196 732.390135042344 0
198 703.154352044233 0
200 729.583637691746 0
202 779.706656408655 0
204 747.194394262878 0
206 716.110751578542 0
208 742.346837031048 0
210 701.084164891686 0
212 722.094692041059 0
214 719.948111847795 0
216 759.42738466103 0
218 737.944782290537 0
220 754.663216255272 0
222 750.411321321651 0
224 760.283129577088 0
226 775.00804421479 0
228 729.094393115878 0
230 786.5701630036 0
232 762.679162072767 0
234 750.683806436947 0
236 772.247696043681 0
238 798.401784634825 0
240 802.426261636453 0
242 797.151542752159 0
244 768.840805566717 0
246 772.25721289836 0
248 748.749414930962 0
252 748.409354203288 0
254 752.128273241993 0
256 737.580347620557 0
258 763.716275963451 0
260 755.981938809039 0
262 811.733401012813 0
264 759.275880485417 0
266 808.057723201775 0
268 370.66539669203 0
270 746.163908859357 0
272 799.275317048791 0
274 769.25042269397 0
276 748.648925356325 0
278 442.382114049512 0
280 793.294812024539 0
282 821.407655218337 0
284 782.624487673579 0
286 752.784406587709 0
290 730.807260525799 0
292 812.024229345752 0
294 765.104983934843 0
296 786.784063089688 0
298 784.649576579683 0
300 823.471463840259 0
302 804.202618385277 0
304 757.673242585895 0
306 762.846350422065 0
308 770.296962651106 0
310 755.59001052107 0
312 771.471311923252 0
314 776.110239443345 0
316 785.344010559557 0
318 750.406024189143 0
320 780.425590324512 0
322 781.717415550089 0
324 786.012590204207 0
326 734.448825253551 0
328 806.880726710719 0
330 781.590983712957 0
332 745.194442220492 0
334 786.2787811728 0
336 773.573709771907 0
338 776.434082649895 0
340 750.015573869612 0
342 808.676685014759 0
344 807.260929042534 0
346 788.575764812832 0
348 791.223830971758 0
350 767.513786471825 0
352 786.918064030248 0
354 773.336053527374 0
356 796.144707625421 0
358 771.827057182706 0
360 758.277201544905 0
362 789.064215941275 0
364 763.92132576238 0
366 803.554257770033 0
368 772.048396343119 0
370 769.502066107934 0
372 830.360836030074 0
374 766.476191902701 0
376 749.668680212338 0
378 781.835753221106 0
380 775.422011642484 0
382 809.613985704346 0
384 744.182833039399 0
386 811.512034984914 0
388 763.693953842366 0
390 839.774041893322 0
392 785.122255249784 0
394 784.762905254118 0
396 813.439746896823 0
398 776.557874762808 0
400 775.683231931385 0
402 768.249476441756 0
404 745.27078704884 0
406 811.584780902395 0
408 791.34039434964 0
410 774.449315876877 0
412 791.85306728998 0
414 775.23302364513 0
416 804.109702023038 0
418 806.556808872645 0
420 791.915142274456 0
424 805.035849553798 0
426 814.215366501726 0
428 838.651922927225 0
430 766.745828994389 0
432 815.003882374022 0
434 823.345764989399 0
436 843.721651354962 0
438 777.348806663098 0
440 775.656424051832 0
442 802.753535076193 0
444 765.811684547872 0
446 413.788294079123 0
448 789.752991123118 0
450 783.807168398404 0
452 820.616778954123 0
456 796.912063129769 0
458 765.361373698696 0
460 839.149804705911 0
462 803.190779401258 0
464 802.95831289848 0
466 768.578905672137 0
468 854.924984236877 0
470 782.52229805642 0
472 799.448029261476 0
474 792.607858556824 0
476 774.661911468508 0
478 790.3802103653 0
480 846.40586412731 0
482 793.816272925146 0
484 779.374004739156 0
486 834.373726672643 0
488 800.378414723773 0
490 777.644815220034 0
492 797.675424749477 0
494 841.082307673334 0
496 805.087777930682 0
498 793.298427696112 0
500 824.502163804428 0
504 840.74842366859 0
506 807.111605575347 0
508 765.880231366123 0
510 851.725114064009 0
512 766.452381041525 0
514 807.206858865352 0
516 818.800752030081 0
518 835.392020886024 0
520 815.427403384482 0
522 815.395705802464 0
524 823.980280249236 0
526 822.697031215453 0
528 807.512681545295 0
532 805.908419497784 0
534 813.605209592265 0
536 796.263303665899 0
538 794.909923901227 0
540 834.319333757069 0
542 766.270593435573 0
544 810.691288066414 0
548 759.990491436722 0
550 804.896565559616 0
552 809.044828758728 0
554 739.045321236112 0
556 831.368772626985 0
558 813.654295849705 0
560 805.835338976708 0
562 813.16488304419 0
564 819.03558172277 0
568 792.557516436033 0
570 777.555300572193 0
572 782.492962917636 0
574 790.352432950414 0
578 770.348902856713 0
580 798.833386692487 0
582 830.62658186774 0
588 762.924466797057 0
590 799.909337460042 0
592 761.754587155963 0
594 823.488245822189 0
598 775.264905300377 0
602 758.556747675613 0
612 806.691054154414 0
614 770.465525804849 0
616 770.682426858622 0
618 753.464388114526 0
620 770.246657879872 0
622 775.855597638789 0
626 815.014622562574 0
630 766.246987140141 0
632 770.704981102784 0
634 771.540509355274 0
636 758.573916910647 0
638 770.421485924131 0
640 799.114695046434 0
642 777.222325630867 0
644 761.434747345472 0
648 779.795656462184 0
650 742.525013432467 0
652 768.564644711434 0
654 760.891877017359 0
656 805.07147746316 0
658 737.372609342522 0
660 782.556010443305 0
662 769.420111761235 0
664 778.921061440614 0
666 781.866357159765 0
668 768.347848302913 0
670 824.396064188713 0
674 789.739094844063 0
676 808.256043248199 0
680 734.989075122905 0


# N-1, strided, PLFS yaxis 2


