# SELECT write_total_time_max,hints,mpihome,mpihost,obj_size,total_size_mb,test_type,strided,target,write_file_close_wait_time_max,num_hosts FROM experiment WHERE  !isnull(write_file_close_wait_time_max) && mpihost like 'rrz' && test_type=2 && isnull(error) && target rlike 'stat' && total_size_mb>20*1000 && total_size_mb<22*1024 && isnull(user_error) (1239381521)
# xpoint ypoint ydev
# N-1, strided, PanFS yaxis 1
2 1.58292 0.35631
100 2.8003274 2.80409001748999
200 3.5544385 1.86441383489201
300 16.7657475 13.9514169528679
400 11.0146225 12.2971735908955
500 14.3240266666667 8.29534067623239
800 96.2855 0


# N-1, strided, PanFS yaxis 2


# N-1, strided, PLFS yaxis 1
2 0.4452285 0.0981345
4 0.632144 0
6 0.190076 0
8 0.618179 0
10 0.55015 0
12 0.428181 0
14 0.539878 0
16 0.514487 0
18 0.435093 0
20 0.937786 0
22 0.454924 0.021599
24 0.3172635 0.0448675
26 0.48024 0.177866
28 0.3924095 0.0719695
30 0.5185025 0.0769675
32 0.8303225 0.0316655
34 0.493808 0.00956300000000002
36 0.626386 0
38 0.5398395 0.1366345
40 1.026364 0.047176
42 0.6451455 0.1317565
44 0.452381 0.107054
46 1.35068 0.07461
48 0.876612 0.172458
50 0.6177005 0.0479715
52 0.3788 0.122025
54 1.0988265 0.2111235
56 1.111795 0.012825
58 1.11598 0.06975
60 0.728982 0.02937
62 0.401424 0.018166
64 1.734965 0.201785
66 1.659665 0.114135
68 1.13296 0.10931
70 1.330535 0.0146249999999999
72 1.12551 0.0335099999999999
74 0.7697945 0.1353635
76 0.689241 0.126817
78 0.6754195 0.0471455
80 2.097015 0.0800349999999999
82 1.98617 0.10048
84 1.727695 0.124485
86 1.54927 0.0856500000000001
88 1.64618 0.11895
90 1.45196 0.0152500000000001
92 1.699815 0.108775
94 1.60004 0
96 1.14479 0
98 1.12699 0
100 1.48101 0
102 0.699636 0
104 0.482149 0
106 1.33326 0
108 2.86974 0
110 2.98269 0
112 3.24492 0
114 2.80943 0
116 2.47456 0
118 3.00165 0
120 3.39529 0
122 2.64241 0
124 2.55294 0
126 2.25072 0
128 1.97392 0
130 2.4908 0
132 1.75431 0
134 2.24744 0
136 2.10305 0
138 1.78975 0
140 1.36101 0
142 1.4807 0
144 2.72228 0
146 1.07651 0
148 1.09526 0
150 0.942223 0
152 1.20968 0
154 0.779781 0
156 0.885125 0
158 0.703772 0
160 6.40813 0
162 5.84009 0
164 4.98271 0
166 4.9128 0
170 5.56126 0
172 5.75755 0
174 4.7793 0
176 5.08705 0
178 5.03395 0
180 5.44754 0
182 4.93179 0
184 4.85082 0
186 5.0911 0
188 4.64741 0
190 4.25629 0
192 5.05603 0
194 4.79489 0
196 5.83458 0
198 4.37058 0
200 3.89828 0
202 3.83241 0
204 3.84579 0
206 4.95525 0
208 4.90981 0
210 4.21076 0
212 4.94745 0
214 3.80676 0
216 3.6656 0
218 3.92348 0
220 5.21112 0
222 3.8495 0
224 3.81829 0
226 4.20617 0
228 3.69017 0
230 3.07247 0
232 3.36546 0
234 3.01669 0
236 3.75146 0
238 4.16098 0
240 3.63893 0
242 3.76624 0
244 3.27665 0
246 3.64795 0
248 3.80352 0
252 2.78887 0
254 2.94333 0
256 3.42092 0
258 3.13053 0
260 2.6671 0
262 2.75208 0
264 2.97027 0
266 3.04848 0
268 3.12692 0
270 2.3341 0
272 2.43233 0
274 3.07825 0
276 2.39686 0
278 3.18841 0
280 2.16912 0
282 2.47008 0
284 2.39233 0
286 2.37884 0
290 2.55728 0
292 1.75721 0
294 2.32272 0
296 2.91682 0
298 2.00288 0
300 1.90681 0
302 1.77496 0
304 2.18318 0
306 1.93492 0
308 1.63622 0
310 1.88543 0
312 1.50676 0
314 1.40236 0
316 1.36772 0
318 1.42614 0
320 21.5566 0
322 21.8194 0
324 21.9665 0
326 23.0793 0
328 20.8136 0
330 22.0149 0
332 22.1161 0
334 20.808 0
336 21.0483 0
338 21.6172 0
340 22.2865 0
342 21.3599 0
344 22.0163 0
346 20.8004 0
348 21.7316 0
350 21.5958 0
352 21.3862 0
354 19.4415 0
356 21.191 0
358 21.6656 0
360 22.2052 0
362 21.2925 0
364 21.4433 0
366 20.1735 0
368 20.7271 0
370 21.4345 0
372 19.8666 0
374 21.2677 0
376 21.7758 0
378 20.2094 0
380 20.988 0
382 20.2618 0
384 21.0861 0
386 19.984 0
388 20.9619 0
390 19.6418 0
392 20.9518 0
394 21.0736 0
396 19.5012 0
398 20.1882 0
400 20.5275 0
402 20.8472 0
404 21.1581 0
406 19.1888 0
408 20.8309 0
410 20.0512 0
412 20.4674 0
414 19.7879 0
416 19.2265 0
418 19.2968 0
420 20.2399 0
424 18.9834 0
426 19.1211 0
428 18.6879 0
430 19.5751 0
432 19.9629 0
434 20.6668 0
436 18.8345 0
438 20.1058 0
440 20.4102 0
442 19.8707 0
444 19.4949 0
446 41.7326 0
448 18.9387 0
450 19.8094 0
452 19.1459 0
456 19.838 0
458 19.1477 0
460 17.9827 0
462 18.632 0
464 19.6049 0
466 19.2628 0
468 17.9224 0
470 18.5494 0
472 18.4653 0
474 19.0213 0
476 18.7885 0
478 18.7302 0
480 18.8878 0
482 17.5921 0
484 21.0819 0
486 18.25 0
488 19.8987 0
490 18.7948 0
492 19.7578 0
494 18.0369 0
496 17.8679 0
498 19.6238 0
500 18.4643 0
504 17.0823 0
506 18.2363 0
508 20.1826 0
510 17.8426 0
512 18.3353 0
514 17.3982 0
516 18.8622 0
518 18.4507 0
520 17.9071 0
522 18.8176 0
524 18.0313 0
526 18.3206 0
528 19.4259 0
532 17.5279 0
534 18.2397 0
536 18.3739 0
538 18.0329 0
540 18.7249 0
542 19.5315 0
544 18.4804 0
548 18.6555 0
550 18.7504 0
552 18.574 0
554 19.7621 0
556 17.391 0
558 18.0262 0
560 18.5018 0
562 18.2088 0
564 18.0849 0
568 16.4635 0
570 18.0022 0
572 17.0288 0
574 17.3752 0
578 15.166 0
580 19.0118 0
582 17.3065 0
588 17.7677 0
590 15.4743 0
592 18.7151 0
594 17.3038 0
598 18.4252 0
602 17.6443 0
612 17.1752 0
614 17.5037 0
616 15.5861 0
618 17.3072 0
620 16.4338 0
622 17.6346 0
626 16.5085 0
630 17.1162 0
632 16.1202 0
634 17.1222 0
636 15.3454 0
638 16.6833 0
640 16.5633 0
642 16.619 0
644 16.919 0
648 17.0005 0
650 16.59 0
652 17.8015 0
654 16.6202 0
656 16.1462 0
658 15.8962 0
660 15.7279 0
662 16.4255 0
664 14.5518 0
666 15.9324 0
668 16.7236 0
670 15.6901 0
674 16.0553 0
676 16.3463 0
680 17.0343 0


# N-1, strided, PLFS yaxis 2


