# SELECT write_total_time_max,hints,mpihome,mpihost,obj_size,total_size_mb,test_type,strided,target,read_total_time_max,num_hosts FROM experiment WHERE  !isnull(read_total_time_max) && mpihost like 'rrz' && test_type=2 && isnull(error) && target rlike 'stat' && total_size_mb>20*1000 && total_size_mb<22*1024 && isnull(user_error) (1239381523)
# xpoint ypoint ydev
# N-1, strided, PanFS yaxis 1
2 14.1044882940458 0.0166590547785592
100 46.6909462400944 19.2569276771451
200 44.4939699158783 12.5375277969115
300 55.1958318941108 21.1952910647578
400 55.7422850785974 22.2495344544902
500 71.299824148967 4.94679786637552
600 35.5928607328131 0
700 53.1399523084676 0
800 42.4395804833561 0


# N-1, strided, PanFS yaxis 2


# N-1, strided, PLFS yaxis 1
2 140.2002414849 36.0346132583187
4 150.228498074454 0
6 213.384304090789 0
8 202.68502207003 0
10 250.4824991622 0
12 301.618112491734 0
14 323.069423761327 0
16 442.891466212812 0
18 473.401956047868 0
20 509.207045391256 0
22 549.851607803381 9.73667345942715
24 582.550640961983 12.7651792636503
26 587.207561696785 1.24001912216499
28 623.464824097758 3.42122472752692
30 667.1572827429 35.7787250553349
32 728.4820590949 26.3963403035474
34 689.425567374921 6.24846492971352
36 793.090620213224 27.9398976115591
38 816.518874783583 31.0749847675131
40 799.862880237627 60.7222453685524
42 810.317101928803 35.8898259699769
44 801.818410701552 73.2964284381912
46 894.905303935763 53.6525464808785
48 887.22784848908 8.72297512783388
50 851.759324630975 3.09076281627443
52 756.053157692144 6.62039134849522
54 876.755597090033 19.0174121040218
56 827.93917695756 34.7041574148859
58 906.255397757493 8.48159480968866
60 858.977565404014 114.41096490521
62 857.15258889158 43.3869723356467
64 820.135642724689 69.3502026032707
66 907.760618782238 22.7354870730655
68 1016.29079317856 131.971361088538
70 907.903940705926 84.9019193186036
72 889.835745512129 30.9720500477839
74 851.962117823481 3.3918849916675
76 835.099053327057 94.5837292153133
78 901.424487698009 44.6719261218599
80 978.297885038088 110.778907133791
82 991.104026231261 21.8620423439554
84 922.280675803527 172.567143193837
86 891.25938749504 108.599009559619
88 864.251968947046 2.53659164650986
90 785.512727073367 86.9564255614409
92 794.442680865701 4.30841124613141
94 855.005052234257 0
96 753.083559497805 0
98 963.88513656624 0
100 853.699102944609 0
102 811.434096240411 0
104 975.822091765502 0
106 773.003518096302 0
108 716.451958266565 0
110 923.697351623715 0
112 755.675611844242 0
114 934.778738032953 0
116 705.575465196416 0
118 855.205849560072 0
120 920.455975690886 0
122 774.038098117772 0
124 714.427270506961 0
126 701.997106834589 0
128 834.912622625969 0
130 962.720741729825 0
132 854.598341533852 0
134 677.628596107451 0
136 801.387796315647 0
138 794.84223112519 0
140 691.935200454164 0
142 697.084827006288 0
144 756.735179647912 0
146 645.154176000403 0
148 667.642542536995 0
150 733.928219462811 0
152 890.265378979272 0
154 835.034769663723 0
156 699.219977323334 0
158 715.408832501144 0
160 830.725912462065 0
162 830.964139481469 0
164 705.085773129126 0
166 634.722205001674 0
170 787.042909694754 0
172 759.703641045047 0
174 828.193832599119 0
176 731.376064224901 0
178 786.570771045362 0
180 700.971498599919 0
182 644.082990997565 0
184 729.935306802588 0
186 745.131004366812 0
188 875.389554593217 0
190 662.838846279611 0
192 722.980059253714 0
194 605.834514219447 0
196 575.189025828849 0
198 545.073129695395 0
200 774.181595444612 0
202 744.803774971531 0
204 650.561637088702 0
206 712.558738556859 0
208 756.933815428525 0
210 832.51802422749 0
212 626.912597581509 0
214 736.829039256533 0
216 755.948183888866 0
218 677.533377903398 0
220 597.508617393563 0
222 729.925862560593 0
224 719.842196312288 0
226 711.154492781815 0
228 580.178331528856 0
230 759.52442779241 0
232 726.525021998921 0
236 759.168164884251 0
238 655.549720448563 0
240 589.426435064019 0
242 660.906242234722 0
244 799.213044106223 0
246 734.313307106663 0
248 727.150695147286 0
250 653.50080597539 0
252 710.021669411459 0
254 596.754821707596 0
256 729.113464189168 0
258 554.289752956373 0
262 662.701778695796 0
264 790.878887386517 0
266 591.690511286453 0
268 653.399514811032 0
270 670.414253489217 0
272 707.331990338732 0
274 586.256464295327 0
276 780.959755274229 0
278 498.286587680955 0
280 662.15420645395 0
282 671.793290334433 0
284 701.036329762459 0
286 738.189501618963 0
288 635.404382099187 0
290 556.804490727268 0
292 671.58342300727 0
294 581.620510140614 0
296 614.623894801627 0
298 569.468353444704 0
300 685.604576968528 0
302 588.985513919184 0
304 594.350033105275 0
306 448.593954343221 0
308 675.41096093768 0
310 652.403826232194 0
312 468.911750964208 0
314 647.180401228715 0
316 694.870140892888 0
318 723.96279135571 0
320 603.914707296852 0
322 676.104773891757 0
324 513.404755159195 0
326 663.545373809663 0
328 453.975563659595 0
330 607.619019351775 0
332 511.052433232422 0
334 636.181079476395 0
336 615.039740372913 0
338 576.455346833019 0
340 673.728492756581 0
342 573.427180847934 0
344 563.833214473543 0
346 658.093281770869 0
348 500.100189137543 0
350 650.796123171015 0
352 610.862049937511 0
354 643.242546799531 0
356 590.149143591784 0
358 553.804127336164 0
360 526.146477830993 0
362 602.334932508155 0
364 679.968519207268 0
366 565.07747252444 0
368 692.662723495256 0
370 671.181526897307 0
372 621.3080232791 0
374 487.272389667461 0
376 754.066365440773 0
378 535.095057829461 0
380 604.380747147644 0
382 603.112943601826 0
384 571.049885317901 0
386 495.722893900643 0
388 506.550293983727 0
390 464.780194081293 0
392 695.592337987583 0
394 616.064602734119 0
396 565.002056721338 0
398 620.594381310259 0
400 598.325014903043 0
402 476.083821750861 0
404 591.174091408101 0
406 491.363482543363 0
408 521.811524358837 0
410 379.831427633178 0
412 632.321584187789 0
414 568.2935700344 0
416 478.883649564013 0
418 599.40173391794 0
420 527.27483541825 0
422 532.894000265579 0
424 514.544997486174 0
426 570.444044387718 0
428 553.728420175614 0
430 687.894664323185 0
432 548.157551507945 0
434 614.944980979224 0
436 588.895892153561 0
438 566.884447151321 0
440 534.571585992234 0
442 700.231291399792 0
444 496.219977901409 0
446 677.297045131962 0
448 661.651533964509 0
450 596.543676081085 0
452 651.247091922307 0
456 616.029410436369 0
458 503.286375741064 0
460 577.094361107823 0
462 536.360299900383 0
464 382.115870428563 0
466 542.982116426256 0
468 635.290029105307 0
470 533.334027873639 0
472 654.171844005839 0
474 436.13005267163 0
476 472.659778192041 0
478 626.388293638646 0
480 557.371288477254 0
482 543.061597713078 0
484 543.284921779357 0
486 573.326053784665 0
488 416.961965509095 0
490 335.800010498825 0
492 612.259917429546 0
496 550.546481145392 0
498 428.215791940019 0
500 572.013228260171 0
502 709.548759104864 0
504 502.188591842343 0
506 459.030113466807 0
508 460.063107930743 0
510 528.726186415274 0
512 576.259497073817 0
516 492.584472995834 0
518 557.835211052758 0
520 547.806999933079 0
522 552.235706020236 0
524 541.463969805887 0
526 332.000895502049 0
528 419.073334097571 0
530 622.773484661868 0
532 421.325755235683 0
534 572.509602392415 0
536 475.766245900611 0
538 496.34295051286 0
542 573.926827899669 0
544 511.777419774458 0
546 425.376206376069 0
548 591.72790343244 0
550 644.913216276952 0
552 692.687616578031 0
556 396.815915380692 0
558 584.784373356504 0
560 485.889433582246 0
562 499.136180845664 0
564 506.911575403505 0
566 635.556811056131 0
568 543.777810246125 0
570 562.814028892721 0
572 483.869823408799 0
574 541.037245509299 0
580 632.111962432032 0
582 622.079247621478 0
584 366.697298817527 0
588 483.233322400168 0
590 629.372263491907 0
592 476.806298096867 0
594 524.517426445159 0
598 536.975805711499 0
602 564.126042887678 0
604 500.131950621145 0
608 514.223117779777 0
612 556.29313695908 0
614 583.866552609068 0
616 485.779205515945 0
618 589.11844184099 0
620 338.261584283841 0
622 556.053104943672 0
624 451.632685024033 0
626 451.73657349437 0
632 442.497328123715 0
634 475.349814028803 0
636 434.855395911187 0
638 425.775515381384 0
640 653.452093044059 0
642 481.352000545807 0
644 438.210186214117 0
648 457.016089255306 0
650 519.544189071105 0
652 579.115876961053 0
654 519.024330850869 0
656 424.754626756632 0
658 307.375799832112 0
660 503.921211464805 0
664 414.476906821687 0
668 472.230304205864 0
670 362.945058767367 0
674 470.925346466719 0
676 456.051551908669 0
678 462.917360759035 0
680 360.480897355452 0


# N-1, strided, PLFS yaxis 2


