# SELECT write_total_time_max,hints,mpihome,mpihost,obj_size,total_size_mb,test_type,strided,target,read_file_close_wait_time_max,num_hosts FROM experiment WHERE  !isnull(read_file_close_wait_time_max) && mpihost like 'rrz' && test_type=2 && isnull(error) && target rlike 'stat' && total_size_mb>20*1000 && total_size_mb<22*1024 && isnull(user_error) (1239381529)
# xpoint ypoint ydev
# N-1, strided, PanFS yaxis 1
2 0.002289415 0.000535365
100 0.09836908 0.0162239785319631
200 0.33125725 0.0897204627506317
300 0.553334 0.312615242252624
400 0.5425754 0.226804886235372
500 0.586275 0.23346011360116
600 2.5368 0
700 1.30252 0
800 1.00982 0


# N-1, strided, PanFS yaxis 2


# N-1, strided, PLFS yaxis 1
2 5.00679e-05 5.0068e-06
4 0.000247002 0
6 7.00951e-05 0
8 0.000130177 0
10 6.79493e-05 0
12 0.000167847 0
14 0.000232935 0
16 0.000393867 0
18 0.000360966 0
20 0.000311852 0
22 0.000690936 0.000413894
24 0.000404954 0.000146031
26 0.0002189875 1.20405e-05
28 0.0006030795 0.0002800225
30 0.000262976 2.7895e-05
32 0.0008360135 0.0004390465
34 0.0005419255 0.0002889635
36 0.0011725445 0.0006945155
38 0.00144255 0.00019753
40 0.000354886 1.7047e-05
42 0.0004065035 5.34055e-05
44 0.0010579805 0.0006300195
46 0.0004395245 7.76055e-05
48 0.0004060265 0.0001518725
50 0.0008860845 0.0004049555
52 0.000556588 0.000285506
54 0.024987445 0.024717555
56 0.0003085135 6.74725e-05
58 0.0006209615 9.31025e-05
60 0.000679493 0.00021863
62 0.0006289485 0.0003049375
64 0.00050199 0.000172019
66 0.0005995035 5.04255e-05
68 0.0004484655 0.0001864435
70 0.0011736145 0.0006624455
72 0.000543952 6.2108e-05
74 0.0004760025 7.78435e-05
76 0.000519514 0.000113487
78 0.0007281285 0.0004909015
80 0.0008389935 0.0007028565
82 0.0005500315 0.0001049045
84 0.000257492 4.3392e-05
86 0.0008028755 0.0003010045
88 0.0005649325 0.0002399685
90 0.0007950085 0.0002669115
92 0.000529051 2.0027e-05
94 0.00277019 0
96 0.000319004 0
98 0.000267983 0
100 0.11766 0
102 0.00105905 0
104 0.000541925 0
106 0.000339985 0
108 0.000396013 0
110 0.00115085 0
112 0.00177503 0
114 0.0011909 0
116 0.000711918 0
118 0.000519037 0
120 0.00117516 0
122 0.000291824 0
124 0.000292063 0
126 0.000252008 0
128 0.000267983 0
130 0.000435114 0
132 0.000172138 0
134 0.000432968 0
136 0.00018096 0
138 0.000277042 0
140 0.00026989 0
142 0.000231028 0
144 0.000374079 0
146 0.00114989 0
148 0.00286794 0
150 0.00209212 0
152 0.000453949 0
154 0.00983381 0
156 0.000446081 0
158 0.000442982 0
160 0.000408888 0
162 0.000374079 0
164 0.000252962 0
166 0.000303984 0
170 0.000342131 0
172 0.0399051 0
174 0.000535011 0
176 0.000272989 0
178 0.000498056 0
180 0.000594139 0
182 0.00712991 0
184 0.000809908 0
186 0.000463009 0
188 0.1268 0
190 0.000509977 0
192 0.00040102 0
194 0.000287056 0
196 0.000183105 0
198 0.000390053 0
200 0.000461102 0
202 0.00201893 0
204 0.000868082 0
206 0.000231981 0
208 0.000375986 0
210 0.000437975 0
212 0.000231981 0
214 0.00101996 0
216 0.022059 0
218 0.00133705 0
220 0.000390053 0
222 0.000236988 0
224 0.000406981 0
226 0.000846863 0
228 0.000435114 0
230 0.0442438 0
232 0.000170946 0
236 0.00982881 0
238 0.000388145 0
240 0.00030303 0
242 0.000262022 0
244 0.000286102 0
246 0.0850739 0
248 0.000240087 0
250 0.112655 0
252 0.0193679 0
254 0.000270844 0
256 0.000290871 0
258 0.000200987 0
262 0.000586033 0
264 0.00825214 0
266 0.000307083 0
268 0.00048399 0
270 0.000347138 0
272 0.00110102 0
274 0.000378847 0
276 0.00139093 0
278 0.143551 0
280 0.000968933 0
282 0.000684023 0
284 0.000558853 0
286 0.00026989 0
288 0.000468969 0
290 0.017256 0
292 0.000398874 0
294 0.000326157 0
296 0.00954509 0
298 0.00043416 0
300 0.01911 0
302 0.156566 0
304 0.000380993 0
306 0.00078392 0
308 0.000835895 0
310 0.000241995 0
312 0.000491858 0
314 0.0014019 0
316 0.150933 0
318 0.000716925 0
320 0.000329971 0
322 0.000861168 0
324 0.000448942 0
326 0.000355959 0
328 0.000283956 0
330 0.000393867 0
332 0.128224 0
334 0.000438929 0
336 0.000993013 0
338 0.00179005 0
340 0.000331163 0
342 0.000947952 0
344 0.000308037 0
346 0.000247002 0
348 0.00133204 0
350 0.000307083 0
352 0.000296116 0
354 0.000540972 0
356 0.127002 0
358 0.109777 0
360 0.00117993 0
362 0.000248909 0
364 0.001297 0
366 0.000656843 0
368 0.000252008 0
370 0.000218868 0
372 0.000504017 0
374 0.00979304 0
376 0.146041 0
378 0.00022006 0
380 0.130773 0
382 0.00268793 0
384 0.00067997 0
386 0.000983953 0
388 0.000356913 0
390 0.000925064 0
392 0.000530958 0
394 0.000236988 0
396 0.000461102 0
398 0.000262022 0
400 0.000393152 0
402 0.121743 0
404 0.000360012 0
406 0.000439882 0
408 0.000256062 0
410 0.000247002 0
412 0.158044 0
414 0.000921965 0
416 0.00921297 0
418 0.13351 0
420 0.000248909 0
422 0.000233889 0
424 0.000501156 0
426 0.000236988 0
428 0.000759125 0
430 0.163448 0
432 0.000236988 0
434 0.000725985 0
436 0.000243187 0
438 0.00039506 0
440 0.00169087 0
442 0.000316858 0
444 0.000275135 0
446 0.000273943 0
448 0.00020194 0
450 0.000233889 0
452 0.000297069 0
456 0.000221968 0
458 0.000231981 0
460 0.000833035 0
462 0.075361 0
464 0.00242806 0
466 0.000429153 0
468 0.122504 0
470 0.128147 0
472 0.000236988 0
474 0.00975204 0
476 0.009305 0
478 0.00950599 0
480 0.00951505 0
482 0.00877118 0
484 0.000396967 0
486 0.113267 0
488 0.136416 0
490 0.000274897 0
492 0.011224 0
496 0.139849 0
498 0.000272989 0
500 0.0290821 0
502 0.000365972 0
504 0.000170231 0
506 0.00761104 0
508 0.000530958 0
510 0.00027895 0
512 0.137793 0
516 0.000237942 0
518 0.00963092 0
520 0.111487 0
522 0.000340939 0
524 0.000253916 0
526 0.00193715 0
528 0.10187 0
530 0.00948 0
532 0.00391412 0
534 0.00966215 0
536 0.110909 0
538 0.000339031 0
542 0.000258923 0
544 0.000179052 0
546 0.0229991 0
548 0.000261068 0
550 0.139091 0
552 0.000351906 0
556 0.000408888 0
558 0.000314951 0
560 0.00095892 0
562 0.00970817 0
564 0.000195026 0
566 0.000230074 0
568 0.000182152 0
570 0.00925612 0
572 0.141541 0
574 0.000833035 0
580 0.118767 0
582 0.000248909 0
584 0.0115931 0
588 0.0107272 0
590 0.000290871 0
592 0.000241995 0
594 0.048264 0
598 0.000380993 0
602 0.127253 0
604 0.126072 0
608 0.132843 0
612 0.0729778 0
614 0.000469923 0
616 0.140023 0
618 0.097244 0
620 0.000386953 0
622 0.000255108 0
624 0.162405 0
626 0.000247955 0
632 0.00947905 0
634 0.135549 0
636 0.132548 0
638 0.000281096 0
640 0.000241041 0
642 0.000262976 0
644 0.01879 0
648 0.000468016 0
650 0.158178 0
652 0.110917 0
654 0.00980902 0
656 0.0190401 0
658 0.000262022 0
660 0.140284 0
664 0.0139899 0
668 0.000212193 0
670 0.00136304 0
674 0.129086 0
676 0.00117016 0
678 0.00032711 0
680 0.122912 0


# N-1, strided, PLFS yaxis 2


