# SELECT write_total_time_max,hints,mpihome,mpihost,obj_size,total_size_mb,left(target,10) as target,read_total_time_max,num_hosts FROM experiment WHERE  !isnull(read_total_time_max) && mpihost like 'rrz' && description like 'nm_restart'   && isnull(user_error) (1239518457)
# xpoint ypoint ydev
# target=/net/scrat yaxis 1
50 42.6251479420153 4.1429418431615
100 57.7017599041754 9.14534677531558
150 61.7791178032067 0.874494945399123
200 46.5949810714511 3.73483223435884
250 68.5250395525708 1.5910316185678
300 64.4640193158647 13.1898335613676
350 60.3319715775608 2.60533814674607
400 54.3980760215211 6.90440729698008
450 59.0802648005134 6.24935878586151
500 62.8726192724829 3.09149807642164
800 66.9810425765085 0


# target=/net/scrat yaxis 2


# target=/var/tmp/p yaxis 1
10 206.270326237049 0
12 199.761026901543 0
14 69.3008161994613 0
16 215.053097261498 0
18 122.640549021487 0
20 110.911395010046 0
22 154.05977326634 0.810648778926833
24 164.326688383647 2.26026071098941
26 176.284790331618 0.118358786353795
28 179.576764260451 0.890471102092519
30 186.881642268913 3.31496424872768
32 143.014996904164 2.26201238859349
34 231.907201480846 1.53765269662644
36 238.663857202128 0
38 238.104323830828 4.25400283561748
40 224.197931382085 4.59000834335461
42 199.596414944507 1.64372145084309
44 277.385623442596 1.05571958022483
46 293.157206130915 5.6948614899782
48 253.79331887899 20.9428213560862
50 304.346713446182 4.53000251881545
52 302.822928974729 24.0751596075274
54 248.489052229499 0.506072331285679
56 328.257622712292 16.1278285185212
58 279.8839033198 8.11937073918941
60 294.064140167281 21.0628671140189
62 281.060239144792 3.9401157331088
64 306.676940422001 5.48686341701818
66 320.456763719548 28.435600905635
68 280.683674352549 12.0040280562043
70 350.686268525656 20.5134530636778
72 287.113273241068 8.84621176526261
74 299.467346197268 3.71342556736795
76 300.215605958167 37.2437912332969
78 319.816460368475 5.84086415017134
80 318.187724951785 11.9781245857488
82 341.10804665548 19.403521553908
84 332.671162146557 23.9869067966197
86 315.902898624873 13.3928896130694
88 341.00206776326 8.07460409645262
90 316.652486252745 2.38795099426889
92 350.317068225847 14.7040983888309
94 335.299338151737 0
96 269.994462463413 0
98 288.002441449512 0
100 311.58846995317 0
102 339.18574220691 0
104 312.035167648202 0
106 283.365828885663 0
108 348.840814504767 0
110 371.339710749422 0
112 332.416690475572 0
114 379.914016881192 0
116 338.712879148801 0
118 302.351537771059 0
120 388.047709106345 0
122 372.931325845316 0
124 366.789730030864 0
126 342.353607914794 0
128 402.658208432801 0
130 377.263900301792 0
132 412.815721090945 0
134 403.95758323058 0
136 387.373650426699 0
138 384.826761797001 0
140 335.293953898125 0
142 365.435822387207 0
144 323.234412323315 0
146 315.719279094258 0
148 282.940140236952 0
150 293.366433362079 0
152 403.863945256173 0
154 412.319831476853 0
156 336.189400258787 0
158 315.06621650319 0
160 287.018956475663 0
162 336.859802690996 0
164 402.265921576949 0
166 303.667771011974 0
170 374.319232604439 0
172 314.035163055481 0
174 379.593766513085 0
176 391.567785429947 0
178 311.339290602398 0
180 395.568562680498 0
182 303.713372442282 0
184 403.320945273926 0
186 407.968089387968 0
188 306.370143394058 0
190 312.396240234375 0
192 355.098366711935 0
194 346.223684477477 0
196 353.828849453244 0
198 306.534657022956 0
200 417.016466562796 0
202 426.881220429177 0
204 407.562682273781 0
206 395.193813115469 0
208 414.870831585624 0
210 391.184636167526 0
212 415.956076812766 0
214 410.390724256646 0
216 336.612846485907 0
218 341.278811945892 0
220 307.067858642827 0
222 383.526855944265 0
224 338.13811135391 0
226 362.635571859507 0
228 419.123473346915 0
230 342.370483584805 0
232 377.315202989701 0
234 348.407857925655 0
236 430.249413860621 0
238 347.178105237452 0
240 348.145212994818 0
242 309.437828069613 0
244 401.600998024743 0
246 332.616425739148 0
248 359.386463441604 0
252 406.032151382732 0
254 413.974134705805 0
256 449.189658879961 0
258 414.009312034044 0
260 366.484584462398 0
262 442.624439672788 0
264 356.439556842459 0
266 419.050699243441 0
268 432.072341341709 0
270 428.174739254439 0
272 428.259705264567 0
274 410.999026368354 0
276 392.542375480984 0
278 373.696276745264 0
280 428.996265387985 0
282 411.836754395492 0
284 419.594008728218 0
286 390.352817352573 0
290 395.544375600134 0
292 364.093643390998 0
294 373.57164747603 0
296 379.803901561181 0
298 373.720376335746 0
300 349.047004664845 0
302 341.550923415042 0
304 393.988161124212 0
306 360.10382283997 0
308 399.743445060341 0
310 400.40298916233 0
312 393.851836177212 0
314 366.075674206915 0
316 381.545906868274 0
318 365.141038540306 0
320 365.900181089145 0
322 292.772701003084 0
324 315.470321435614 0
326 387.61966433397 0
328 363.829980142187 0
330 352.123238661383 0
332 344.012082683727 0
334 370.491797343143 0
336 341.534882867188 0
338 356.237816764133 0
340 366.092557448186 0
342 343.096837576889 0
344 350.953446839726 0
346 341.299096224348 0
348 329.708924937852 0
350 345.715578731222 0
352 365.938947338327 0
354 361.391688780366 0
356 354.253905411859 0
358 361.989806291247 0
360 376.372071138167 0
362 383.412597363691 0
364 384.127776204046 0
366 370.004445713501 0
368 349.541519389376 0
370 342.672623094105 0
372 346.346026333239 0
374 359.806217084678 0
376 328.788260739019 0
380 330.044702806137 0
382 353.265182200203 0
384 359.611806071724 0
386 355.379419909887 0
388 353.874000338839 0
390 352.956795966681 0
392 381.243632747096 0
394 373.882562680607 0
396 370.139476673105 0
398 387.177221441181 0
400 398.537071495862 0
402 355.85750818384 0
404 355.745593752499 0
406 330.53380024508 0
408 335.545236619543 0
410 377.280534280807 0
412 350.333357303555 0
414 325.404484182312 0
416 344.440182500908 0
418 328.798156815208 0
420 342.309474462494 0
424 329.885924450332 0
426 350.100483174413 0
428 352.774311850713 0
430 333.09466311699 0
432 359.214218896165 0
434 338.282404514664 0
436 352.697624711277 0
438 383.858190223209 0
440 365.837836678676 0
442 310.650712430613 0
444 330.698451044479 0
446 348.555948687737 0
448 338.678870535271 0
450 217.889295562691 0
452 316.642758881085 0
456 396.529670099656 0
458 356.604733496878 0
460 345.707821153586 0
462 365.299909835114 0
464 350.388308290759 0
466 337.985750493284 0
468 380.245748798372 0
470 357.580170854201 0
472 362.712818996038 0
474 359.836366866049 0
476 357.055480227763 0
478 331.973197481991 0
480 353.536173837618 0
482 412.050687160649 0
484 379.404864569134 0
486 364.546244338736 0
488 368.43838515442 0
490 378.521012816459 0
492 380.496420935205 0
494 350.581054637299 0
496 370.165016740305 0
498 385.306646437533 0
500 400.034017329288 0
504 405.134975712685 0
506 367.663973315697 0
508 385.494386296613 0
510 368.979646308166 0
512 381.113640975613 0
516 401.392680095382 0
518 373.108603723671 0
520 388.244065687227 0
522 382.665744565522 0
524 393.554580414805 0
526 396.931181423387 0
528 395.181792736012 0
532 372.866158693826 0
534 366.949973103819 0
536 375.652170721457 0
538 376.635417739775 0
540 368.141914304155 0
542 388.134975750814 0
544 385.209230861929 0
548 396.177460921692 0
550 385.019362268227 0
552 402.494580846686 0
554 376.326287388476 0
556 376.27442182075 0
558 385.84719023991 0
560 380.164982095038 0
562 375.210262073216 0
564 379.209066750618 0
568 390.531991208523 0
570 390.627654355864 0
572 397.419262102429 0
574 403.618202304394 0
578 375.199587900253 0
580 391.108536867439 0
582 371.143101032856 0
588 412.927799588256 0
590 381.261664661245 0
592 409.575021821472 0
594 402.90333625884 0
598 399.497080609512 0
602 359.444745147934 0
612 280.910428666341 0
614 376.3590078209 0
616 417.653483031386 0
618 394.648668239794 0
620 409.954121728743 0
622 413.03865173075 0
626 405.215927099842 0
630 390.265196571812 0
632 380.41972089286 0
634 376.162592956879 0
636 389.138576779026 0
638 385.366340248775 0
640 394.597733525229 0
642 383.532344836636 0
644 412.819757708274 0
648 382.98676182888 0
650 381.772534672316 0
652 398.567214660624 0
654 377.736343665196 0
656 284.312935527968 0
658 371.60638618481 0
660 410.502590756693 0
662 401.346702343497 0
664 422.014983048752 0
666 392.510771731297 0
668 393.71524943398 0
670 397.373421779731 0
674 388.275071285106 0
676 388.4823078691 0
680 371.114546701652 0


# target=/var/tmp/p yaxis 2


